Matrix update as below: 
.0000 1.0000 1.0000 1.0000 1.0000 1.0000 1.0000 1.0000 1.0000 1.0000
.0000 .0000 .9998 .9998 1.0000 1.0000 1.0000 1.0000 1.0000 1.0000
.0000 .0000 .0000 .9998 1.0000 1.0000 1.0000 1.0000 1.0000 1.0000
.0000 .0000 .0000 .0000 1.0000 1.0000 1.0000 1.0000 1.0000 1.0000
.0000 .0000 .0000 .0000 .0000 1.0000 1.0000 1.0000 1.0000 1.0000
.0000 .0000 .0000 .0000 .0000 .0000 1.0000 1.0000 1.0000 1.0000
.0000 .0000 .0000 .0000 .0000 .0000 .0000 1.0000 1.0000 1.0000
.0000 .0000 .0000 .0000 .0000 .0000 .0000 .0000 1.0000 1.0000
.0000 .0000 .0000 .0000 .0000 .0000 .0000 .0000 .0000 1.0000
.0000 .0000 .0000 .0000 .0000 .0000 .0000 .0000 .0000 .0000
Combine 2 3
The distance is: 0.9997747246347908
Matrix update as below: 
.0000 1.0000 1.0000 1.0000 1.0000 1.0000 1.0000 1.0000 1.0000 1.0000
.0000 .0000 .0000 .9998 1.0000 1.0000 1.0000 1.0000 1.0000 1.0000
.0000 -1.0000 .0000 .9998 1.0000 1.0000 1.0000 1.0000 1.0000 1.0000
.0000 .0000 .0000 .0000 1.0000 1.0000 1.0000 1.0000 1.0000 1.0000
.0000 .0000 .0000 .0000 .0000 1.0000 1.0000 1.0000 1.0000 1.0000
.0000 .0000 .0000 .0000 .0000 .0000 1.0000 1.0000 1.0000 1.0000
.0000 .0000 .0000 .0000 .0000 .0000 .0000 1.0000 1.0000 1.0000
.0000 .0000 .0000 .0000 .0000 .0000 .0000 .0000 1.0000 1.0000
.0000 .0000 .0000 .0000 .0000 .0000 .0000 .0000 .0000 1.0000
.0000 .0000 .0000 .0000 .0000 .0000 .0000 .0000 .0000 .0000
Combine 2 4
The distance is: 0.9997747246347908
Matrix update as below: 
.0000 1.0000 1.0000 1.0000 1.0000 1.0000 1.0000 1.0000 1.0000 1.0000
.0000 .0000 .0000 .0000 1.0000 1.0000 1.0000 1.0000 1.0000 1.0000
.0000 -1.0000 .0000 .9998 1.0000 1.0000 1.0000 1.0000 1.0000 1.0000
.0000 -1.0000 .0000 .0000 1.0000 1.0000 1.0000 1.0000 1.0000 1.0000
.0000 .0000 .0000 .0000 .0000 1.0000 1.0000 1.0000 1.0000 1.0000
.0000 .0000 .0000 .0000 .0000 .0000 1.0000 1.0000 1.0000 1.0000
.0000 .0000 .0000 .0000 .0000 .0000 .0000 1.0000 1.0000 1.0000
.0000 .0000 .0000 .0000 .0000 .0000 .0000 .0000 1.0000 1.0000
.0000 .0000 .0000 .0000 .0000 .0000 .0000 .0000 .0000 1.0000
.0000 .0000 .0000 .0000 .0000 .0000 .0000 .0000 .0000 .0000
Combine 5 6
The distance is: 0.9999717940725475
Matrix update as below: 
.0000 1.0000 1.0000 1.0000 1.0000 1.0000 1.0000 1.0000 1.0000 1.0000
.0000 .0000 .0000 .0000 1.0000 1.0000 1.0000 1.0000 1.0000 1.0000
.0000 -1.0000 .0000 .9998 1.0000 1.0000 1.0000 1.0000 1.0000 1.0000
.0000 -1.0000 .0000 .0000 1.0000 1.0000 1.0000 1.0000 1.0000 1.0000
.0000 .0000 .0000 .0000 .0000 .0000 1.0000 1.0000 1.0000 1.0000
.0000 .0000 .0000 .0000 -1.0000 .0000 1.0000 1.0000 1.0000 1.0000
.0000 .0000 .0000 .0000 .0000 .0000 .0000 1.0000 1.0000 1.0000
.0000 .0000 .0000 .0000 .0000 .0000 .0000 .0000 1.0000 1.0000
.0000 .0000 .0000 .0000 .0000 .0000 .0000 .0000 .0000 1.0000
.0000 .0000 .0000 .0000 .0000 .0000 .0000 .0000 .0000 .0000
Combine 9 10
The distance is: 0.9999879575543372
Matrix update as below: 
.0000 1.0000 1.0000 1.0000 1.0000 1.0000 1.0000 1.0000 1.0000 1.0000
.0000 .0000 .0000 .0000 1.0000 1.0000 1.0000 1.0000 1.0000 1.0000
.0000 -1.0000 .0000 .9998 1.0000 1.0000 1.0000 1.0000 1.0000 1.0000
.0000 -1.0000 .0000 .0000 1.0000 1.0000 1.0000 1.0000 1.0000 1.0000
.0000 .0000 .0000 .0000 .0000 .0000 1.0000 1.0000 1.0000 1.0000
.0000 .0000 .0000 .0000 -1.0000 .0000 1.0000 1.0000 1.0000 1.0000
.0000 .0000 .0000 .0000 .0000 .0000 .0000 1.0000 1.0000 1.0000
.0000 .0000 .0000 .0000 .0000 .0000 .0000 .0000 1.0000 1.0000
.0000 .0000 .0000 .0000 .0000 .0000 .0000 .0000 .0000 .0000
.0000 .0000 .0000 .0000 .0000 .0000 .0000 .0000 -1.0000 .0000
Combine 8 9
The distance is: 0.9999955242444362
Matrix update as below: 
.0000 1.0000 1.0000 1.0000 1.0000 1.0000 1.0000 1.0000 1.0000 1.0000
.0000 .0000 .0000 .0000 1.0000 1.0000 1.0000 1.0000 1.0000 1.0000
.0000 -1.0000 .0000 .9998 1.0000 1.0000 1.0000 1.0000 1.0000 1.0000
.0000 -1.0000 .0000 .0000 1.0000 1.0000 1.0000 1.0000 1.0000 1.0000
.0000 .0000 .0000 .0000 .0000 .0000 1.0000 1.0000 1.0000 1.0000
.0000 .0000 .0000 .0000 -1.0000 .0000 1.0000 1.0000 1.0000 1.0000
.0000 .0000 .0000 .0000 .0000 .0000 .0000 1.0000 1.0000 1.0000
.0000 .0000 .0000 .0000 .0000 .0000 .0000 .0000 .0000 1.0000
.0000 .0000 .0000 .0000 .0000 .0000 .0000 -1.0000 .0000 .0000
.0000 .0000 .0000 .0000 .0000 .0000 .0000 .0000 -1.0000 .0000
Combine 2 5
The distance is: 0.9999973068037795
Matrix update as below: 
.0000 1.0000 1.0000 1.0000 1.0000 1.0000 1.0000 1.0000 1.0000 1.0000
.0000 .0000 .0000 .0000 .0000 1.0000 1.0000 1.0000 1.0000 1.0000
.0000 -1.0000 .0000 .9998 1.0000 1.0000 1.0000 1.0000 1.0000 1.0000
.0000 -1.0000 .0000 .0000 1.0000 1.0000 1.0000 1.0000 1.0000 1.0000
.0000 -1.0000 .0000 .0000 .0000 .0000 1.0000 1.0000 1.0000 1.0000
.0000 .0000 .0000 .0000 -1.0000 .0000 1.0000 1.0000 1.0000 1.0000
.0000 .0000 .0000 .0000 .0000 .0000 .0000 1.0000 1.0000 1.0000
.0000 .0000 .0000 .0000 .0000 .0000 .0000 .0000 .0000 1.0000
.0000 .0000 .0000 .0000 .0000 .0000 .0000 -1.0000 .0000 .0000
.0000 .0000 .0000 .0000 .0000 .0000 .0000 .0000 -1.0000 .0000
Combine 2 8
The distance is: 0.9999997718082629
Matrix update as below: 
.0000 1.0000 1.0000 1.0000 1.0000 1.0000 1.0000 1.0000 1.0000 1.0000
.0000 .0000 .0000 .0000 .0000 1.0000 1.0000 .0000 1.0000 1.0000
.0000 -1.0000 .0000 .9998 1.0000 1.0000 1.0000 1.0000 1.0000 1.0000
.0000 -1.0000 .0000 .0000 1.0000 1.0000 1.0000 1.0000 1.0000 1.0000
.0000 -1.0000 .0000 .0000 .0000 .0000 1.0000 1.0000 1.0000 1.0000
.0000 .0000 .0000 .0000 -1.0000 .0000 1.0000 1.0000 1.0000 1.0000
.0000 .0000 .0000 .0000 .0000 .0000 .0000 1.0000 1.0000 1.0000
.0000 -1.0000 .0000 .0000 .0000 .0000 .0000 .0000 .0000 1.0000
.0000 .0000 .0000 .0000 .0000 .0000 .0000 -1.0000 .0000 .0000
.0000 .0000 .0000 .0000 .0000 .0000 .0000 .0000 -1.0000 .0000
